455173236
1283681621
1002313785
1907836032
596773485
808079198
1342920662
1811314732
2135643647
2082038590
550453211
1476678301
768769557
35637597
1086306456
1734106508
696474102
1296810182
1221102694
2076020806
416158241
760068709
251561735
1333829889
1985975662
1040881121
500610428
1292859109
372072858
324304578
263162800
1219636707
500469823
629507633
1992190608
768882354
319134518
353685883
1594123700
1126528861
1941949048
1492249605
866940209
689769894
297663210
2076701070
837930823
1795919189
359505990
1698570409
2045750805
1036469494
76512281
1434974834
1387698058
303793828
997398893
2105194
296594451
1336388793
739288146
393905882
616262543
901808680
1408810986
118265804
878189365
239838731
504611219
1694880673
505521998
1790674961
1293079897
1078291634
1596613639
1310556405
385061363
863132187
2069186796
1056223351
1899372991
558485427
542530313
1126841956
37928425
1751197031
1854507545
305441223
1786446823
1123947092
897715355
611386109
1677852107
2082651803
381760787
1456252575
587680050
412845294
1469776217
122535323
